av_20q = [0	0
    0.13666	0.30666
    0.30832	0.60666
    0.45168	0.755
    0.52668	0.81334
    0.60168	0.83836
    0.76334	0.89002
    0.92	0.96336
    1	1];

av_v20q = [0.0000	0.0000
    0.1622	0.4533
    0.2644	0.6400
    0.3889	0.7622
    0.4622	0.8156
    0.5444	0.8511
    0.6511	0.8911
    0.7689	0.9400
    1.0000	1.0000];

av_40q = [0	0
    0.13668	0.4189
    0.20002	0.56554
    0.29554	0.68332
    0.3478	0.74668
    0.40556	0.78336
    0.51444	0.82112
    0.62442	0.86776
    1	1];

av_v40q = [0.0000	0.0000
    0.1260	0.4170
    0.2110	0.6240
    0.3120	0.7500
    0.3440	0.7780
    0.3690	0.7910
    0.5040	0.8530
    0.6110	0.8970
    1.0000	1.0000];

av_f80q = [0.0000	0.0000
0.1216	0.3181
0.2264	0.4952
0.3058	0.6205
0.3763	0.6910
0.4684	0.7458
0.5750	0.8217
0.7532	0.9169
1.0000	1.0000];

av_v80q = [0.0000	0.0000
0.0567	0.3794
0.1022	0.5383
0.1511	0.6450
0.1817	0.7106
0.2117	0.7317
0.2733	0.7689
0.3872	0.8244
1.0000	1.0000];

im1_20q = [
    0	0
    0.075	0.2333
    0.2583	0.575
    0.3917	0.7
    0.4333	0.7583
    0.5167	0.775
    0.65	0.8417
    0.9333	0.9417
    1	1];

im2_20q = [0	0
    0.1667	0.35
    0.3583	0.6833
    0.5833	0.8333
    0.6417	0.9
    0.675	0.9167
    0.8417	0.9417
    0.9667	0.9917
    1	1];
im3_20q = [0	0
    0.1333	0.3583
    0.275	0.575
    0.3667	0.7
    0.4167	0.7917
    0.4917	0.8167
    0.6667	0.8667
    0.825	0.925
    1	1];
im4_20q = [0	0
    0.1333	0.2917
    0.2833	0.5083
    0.425	0.675
    0.5167	0.7167
    0.625	0.7667
    0.8	0.85
    0.9	0.9667
    1	1];
im5_20q = [0	0
    0.175	0.3
    0.3667	0.6917
    0.4917	0.8667
    0.625	0.9
    0.7	0.9167
    0.8583	0.95
    0.975	0.9917
    1	1];

im1_v20q = [0.0000	0.0000
    0.1556	0.3778
    0.2111	0.5667
    0.3111	0.7222
    0.3889	0.7556
    0.4778	0.7889
    0.6111	0.8778
    0.7778	0.9667
    1.0000	1.0000];

im2_v20q = [0.0000	0.0000
    0.1222	0.5444
    0.2444	0.7222
    0.3889	0.8444
    0.4778	0.8889
    0.5556	0.9111
    0.6778	0.9222
    0.7556	0.9444
    1.0000	1.0000
    ];

im3_v20q = [0.0000	0.0000
    0.1556	0.4444
    0.2556	0.6556
    0.4000	0.7667
    0.4778	0.8222
    0.5333	0.8444
    0.6000	0.8667
    0.7556	0.9333
    1.0000	1.0000];

im4_v20q = [0.0000	0.0000
    0.1667	0.3889
    0.2556	0.5333
    0.3778	0.6556
    0.4111	0.7111
    0.5111	0.7667
    0.5889	0.8333
    0.7000	0.8889
    1.0000	1.0000];

im5_v20q = [0.0000	0.0000
    0.2111	0.5111
    0.3556	0.7222
    0.4667	0.8222
    0.5556	0.9000
    0.6444	0.9444
    0.7778	0.9556
    0.8556	0.9667
    1.0000	1.0000
    ];

im1_40q = [0	0
    0.1722	0.3667
    0.2278	0.4889
    0.3444	0.6
    0.3722	0.6778
    0.4167	0.7278
    0.5111	0.7833
    0.6389	0.8611
    1	1];
im2_40q = [0	0
    0.1556	0.4778
    0.2111	0.6111
    0.3111	0.7222
    0.4056	0.8056
    0.4611	0.8278
    0.5611	0.85
    0.6833	0.8833
    1	1];
im3_40q = [0	0
    0.0556	0.4056
    0.1056	0.5333
    0.1889	0.6111
    0.2056	0.65
    0.25	0.7
    0.3889	0.7667
    0.4944	0.7944
    1	1];
im4_40q = [0	0
    0.1556	0.4333
    0.25	0.5944
    0.3389	0.7111
    0.3889	0.7556
    0.45	0.8056
    0.5444	0.8389
    0.6333	0.9056
    1	1];
im5_40q = [0	0
    0.1444	0.4111
    0.2056	0.6
    0.2944	0.7722
    0.3667	0.8444
    0.45	0.8556
    0.5667	0.8667
    0.6722	0.8944
    1	1];

im1_v40q = [0.0000	0.0000
    0.1150	0.3600
    0.2000	0.5300
    0.2950	0.6400
    0.3150	0.6750
    0.3400	0.6900
    0.5000	0.8050
    0.6150	0.8750
    1.0000	1.0000];

im2_v40q = [0.0000	0.0000
    0.1500	0.4900
    0.2300	0.6700
    0.3650	0.7600
    0.4050	0.7800
    0.4350	0.7950
    0.5950	0.8550
    0.6600	0.8950
    1.0000	1.0000
    ];

im3_v40q = [0.0000	0.0000
    0.1100	0.4050
    0.1750	0.6100
    0.2350	0.7500
    0.2500	0.7800
    0.2800	0.8050
    0.4200	0.8600
    0.5250	0.8850
    1.0000	1.0000];

im4_v40q = [0.0000	0.0000
    0.1050	0.4050
    0.1950	0.6100
    0.3200	0.7200
    0.3550	0.7450
    0.3700	0.7500
    0.4400	0.7900
    0.5400	0.8600
    1.0000	1.0000];

im5_v40q = [0.0000	0.0000
    0.1500	0.4250
    0.2550	0.7000
    0.3450	0.8800
    0.3950	0.9100
    0.4200	0.9150
    0.5650	0.9550
    0.7150	0.9700
    1.0000	1.0000];

im1_f80q = [0	0
    0.1188	0.25
    0.2281	0.4344
    0.3063	0.55
    0.3938	0.6281
    0.5188	0.7
    0.6	0.7969
    0.775	0.9063
    1	1];
im2_f80q = [0	0
    0.125	0.3028
    0.2028	0.4139
    0.2889	0.5417
    0.3944	0.6417
    0.5083	0.7361
    0.65	0.8194
    0.8028	0.9083
    1	1];
im3_f80q = [0	0
    0.0997	0.3647
    0.1965	0.5441
    0.2581	0.6647
    0.3109	0.7206
    0.393	0.75
    0.4985	0.7912
    0.6979	0.8971
    1	1];
im4_f80q = [0	0
    0.125	0.3656
    0.2344	0.5094
    0.3188	0.6313
    0.3625	0.6688
    0.4281	0.7094
    0.5156	0.7969
    0.6719	0.8938
    1	1];
im5_f80q = [0	0
    0.1406	0.3063
    0.275	0.5813
    0.3625	0.7219
    0.4219	0.8
    0.4938	0.8344
    0.6063	0.9063
    0.8156	0.9813
    1	1];

im1_v80q = [0	0
    0.036	0.3694
    0.0831	0.5
    0.1163	0.5889
    0.1524	0.6444
    0.1801	0.6611
    0.2161	0.7
    0.3601	0.7833
    1	1];
im2_v80q = [0	0
    0.0559	0.3667
    0.1006	0.5472
    0.1564	0.675
    0.2067	0.7389
    0.2514	0.7611
    0.3492	0.8222
    0.4804	0.8667
    1	1];
im3_v80q = [0	0
    0.0474	0.3389
    0.1003	0.4861
    0.156	0.5917
    0.1755	0.6472
    0.2089	0.6667
    0.273	0.7056
    0.3928	0.7806
    1	1];
im4_v80q = [0	0
    0.0416	0.3444
    0.0637	0.4722
    0.1025	0.6028
    0.1274	0.7028
    0.1496	0.7361
    0.1773	0.75
    0.2576	0.7889
    1	1];
im5_v80q = [0	0
    0.1025	0.4778
    0.1634	0.6861
    0.2244	0.7667
    0.2465	0.8194
    0.2687	0.8333
    0.3518	0.8667
    0.446	0.9028
    1	1];

im1_20q_AUC = AreaUnderROC([im1_20q(:,2), im1_20q(:,1)])
im2_20q_AUC = AreaUnderROC([im2_20q(:,2), im2_20q(:,1)])
im3_20q_AUC = AreaUnderROC([im3_20q(:,2), im3_20q(:,1)])
im4_20q_AUC = AreaUnderROC([im4_20q(:,2), im4_20q(:,1)])
im5_20q_AUC = AreaUnderROC([im5_20q(:,2), im5_20q(:,1)])

im1_v20q_AUC = AreaUnderROC([im1_v20q(:,2), im1_v20q(:,1)])
im2_v20q_AUC = AreaUnderROC([im2_v20q(:,2), im2_v20q(:,1)])
im3_v20q_AUC = AreaUnderROC([im3_v20q(:,2), im3_v20q(:,1)])
im4_v20q_AUC = AreaUnderROC([im4_v20q(:,2), im4_v20q(:,1)])
im5_v20q_AUC = AreaUnderROC([im5_v20q(:,2), im5_v20q(:,1)])

im1_40q_AUC = AreaUnderROC([im1_40q(:,2), im1_40q(:,1)])
im2_40q_AUC = AreaUnderROC([im2_40q(:,2), im2_40q(:,1)])
im3_40q_AUC = AreaUnderROC([im3_40q(:,2), im3_40q(:,1)])
im4_40q_AUC = AreaUnderROC([im4_40q(:,2), im4_40q(:,1)])
im5_40q_AUC = AreaUnderROC([im5_40q(:,2), im5_40q(:,1)])

im1_v40q_AUC = AreaUnderROC([im1_v40q(:,2), im1_v40q(:,1)])
im2_v40q_AUC = AreaUnderROC([im2_v40q(:,2), im2_v40q(:,1)])
im3_v40q_AUC = AreaUnderROC([im3_v40q(:,2), im3_v40q(:,1)])
im4_v40q_AUC = AreaUnderROC([im4_v40q(:,2), im4_v40q(:,1)])
im5_v40q_AUC = AreaUnderROC([im5_v40q(:,2), im5_v40q(:,1)])

im1_f80q_AUC = AreaUnderROC([im1_f80q(:,2), im1_f80q(:,1)])
im2_f80q_AUC = AreaUnderROC([im2_f80q(:,2), im2_f80q(:,1)])
im3_f80q_AUC = AreaUnderROC([im3_f80q(:,2), im3_f80q(:,1)])
im4_f80q_AUC = AreaUnderROC([im4_f80q(:,2), im4_f80q(:,1)])
im5_f80q_AUC = AreaUnderROC([im5_f80q(:,2), im5_f80q(:,1)])

im1_v80q_AUC = AreaUnderROC([im1_v80q(:,2), im1_v80q(:,1)])
im2_v80q_AUC = AreaUnderROC([im2_v80q(:,2), im2_v80q(:,1)])
im3_v80q_AUC = AreaUnderROC([im3_v80q(:,2), im3_v80q(:,1)])
im4_v80q_AUC = AreaUnderROC([im4_v80q(:,2), im4_v80q(:,1)])
im5_v80q_AUC = AreaUnderROC([im5_v80q(:,2), im5_v80q(:,1)])

av_20q_AUC = AreaUnderROC([av_20q(:,2), av_20q(:,1)])
av_v20q_AUC = AreaUnderROC([av_v20q(:,2), av_v20q(:,1)])
av_40q_AUC = AreaUnderROC([av_40q(:,2), av_40q(:,1)])
av_v40q_AUC = AreaUnderROC([av_v40q(:,2), av_v40q(:,1)])
av_f80q_AUC = AreaUnderROC([av_f80q(:,2), av_f80q(:,1)])
av_v80q_AUC = AreaUnderROC([av_v80q(:,2), av_v80q(:,1)])


